{
      "0.1": {
            "avg_steps": 13.791,
            "conv_episode": 51,
            "robustness": 0.0,
            "robustness_train": 10.189274704315318
      },
      "0.5": {
            "avg_steps": 27.136,
            "conv_episode": 56,
            "robustness": 0.0,
            "robustness_train": 14.100620695558051
      },
      "0.8": {
            "avg_steps": 66.706,
            "conv_episode": 44,
            "robustness": 0.0,
            "robustness_train": 39.776193432755726
      }
}