{
      "0.1": {
            "avg_steps": 20.7675,
            "conv_episode": 44,
            "robustness": 0.0,
            "robustness_train": 24.145733448168436
      },
      "0.5": {
            "avg_steps": 47.2165,
            "conv_episode": 56,
            "robustness": 0.0,
            "robustness_train": 42.109780666135045
      },
      "0.8": {
            "avg_steps": 363.861,
            "conv_episode": 15,
            "robustness": 0.0,
            "robustness_train": 326.8179075249703
      }
}