{
      "(0, 2)": {
            "avg_steps": 20.401,
            "conv_episode": 21,
            "robustness": 0.0,
            "robustness_train": 44.8395717976878
      },
      "(3, 0)": {
            "avg_steps": 22.2605,
            "conv_episode": 46,
            "robustness": 0.0,
            "robustness_train": 49.519659123927745
      },
      "(6, 2)": {
            "avg_steps": 20.9135,
            "conv_episode": 34,
            "robustness": 0.0,
            "robustness_train": 45.94893924510119
      }
}